0	1.2724953225229068	-0.40913323821094832
1	0.065463733808881625	0.18917244627064095
2	0.92357160487167023	0.35661426509744171
3	1.9503041981308902	0.09530712389212441
4	0.87707428818347843	-0.43806526001118984
5	1.3460815630193588	-0.45215679780680834
6	1.8460150505657644	-0.1160310478552261
7	-0.99812155202341168	0.38961614852678617
8	-0.5611234489427398	0.91126137184102352
9	1.548772566521897	-0.33115240112598721
10	1.9401600411500626	0.02847416701496833
11	-0.31357439013188398	0.99183711928427876
12	1.7724202917515519	-0.19424317540369923
13	2.0298763027378754	0.38426753664684971
14	0.044960670673143896	0.29189170820427768
15	1.860257080340199	0.054413866076413048
16	0.11161999135653349	0.066865868530315328
17	0.27168278660457806	0.85424487617282363
18	-1.0228394668373433	0.19074745388915462
19	0.17923058705858153	0.95223400049457529
20	-0.76785312403371697	0.63901146520696006
21	1.8440710987187641	-0.19965380488479059
22	1.9223527316466451	0.049617212191904361
23	1.6721892911515566	-0.23000172416432929
24	2.0214033738841448	0.28466870980537651
25	1.9941717436101745	0.36530030771899691
26	0.26854024817909344	0.97556483873984756
27	0.13244237913634926	0.96409172912829511
28	0.7232723464219829	0.63876809822430047
29	0.9339980343485752	0.31732833527379145
30	-0.022049611443009133	0.32056188677781483
31	-0.36304391959403348	0.96827993142216995
32	-0.86498660079361933	0.53589907298143002
33	0.062377765209626221	0.052847748510292641
34	2.0373300827926424	0.30320448642585984
35	-0.90776099317557357	0.37965076649197693
36	0.41813527849694682	-0.30508883752859584
37	1.8501634552255863	-0.028307797881988048
38	0.43442682078322165	-0.422439151309147
39	1.7963126186245	-0.096354305282878694
40	0.004679309128671285	0.37559860707061016
41	0.035179854709746709	0.53818252758878893
42	1.5597474718119351	-0.32485615479460311
43	-0.89273968281911065	0.28229563352834436
44	0.17040490446681178	-0.13647218513571333
45	0.4416084851171998	0.78233442229417327
46	-1.0057713089246185	0.028892008525935566
47	1.8559529781450332	0.1423856208572862
48	-0.94019082213247085	0.39135907479439674
49	0.034786940075060911	1.0158519517956179
50	0.53909133225840766	-0.30482738846124419
51	1.7314071512675415	-0.037173142199276185
52	0.11051526750512322	0.023372349621315951
53	1.8444035157601342	0.15553335850221597
54	-0.83518395164994186	0.49969646524557298
55	0.88180001799754626	0.45554290369453371
56	0.34682843105704092	-0.29658957805163649
57	1.2175488163398633	-0.46789733047413284
58	1.7374367107693569	-0.14786923651566247
59	0.15246052365215434	0.13347176680590714
60	0.90898862997984753	0.33131761768013912
61	1.8924129344276386	-0.057380123856362819
62	1.9261860705329381	0.16679684299800604
63	0.38272914944427422	0.99787548353406763
64	0.50936690783060501	0.88819638105550935
65	-0.12015213534065594	1.0574704352633142
66	0.52388021006198826	-0.36153471045241664
67	-0.83342565441956662	0.50782031540966621
68	0.6596893163956159	-0.42105580065802189
69	1.062196563819509	-0.075440292092341391
70	1.1363081200219518	0.12063255308633608
71	-0.36312072065401441	0.95889088215075002
72	1.9962377991934968	0.39628332008822714
73	0.40712904934874661	-0.257590735232408
74	-0.58191866024236816	0.84207368425988305
75	0.066074082248182009	0.25616393846838442
76	0.28085835886032795	-0.13558336249977035
77	1.3929742275903996	-0.39335139343433895
78	0.13250383258078349	0.3445290292456108
79	-0.54613176123832163	0.88120246016231341
80	-0.46187072942672674	0.91162414587930385
81	-0.79819021177611338	0.61025194900543878
82	1.5948578740588069	-0.29595383894619492
83	1.7448177488243461	-0.18878833712903781
84	1.9664204169142645	0.30447346783334839
85	-0.048094005035027185	0.89317130901823083
86	0.63035227744984457	-0.4971335817793055
87	0.8325697120239921	0.58321127045077703
88	0.17778608904721588	-0.11373927603150533
89	1.012500217573429	-0.44391385492612556
90	1.694565356274321	-0.23098702201704005
91	0.094694601300212039	-0.04736861070216801
92	0.10229980006606598	0.071726068185365643
93	-1.0550972611450438	0.091131218085013788
94	1.9503559004160806	0.1759559211564225
95	1.0118782184065829	0.050195629698117916
96	1.5167419389210319	-0.24421262559973755
97	0.80334436034048429	0.48322289081494435
98	-0.1998723773648832	0.90139512293058177
99	0.17074568289671008	-0.22565815560604613
100	-0.75009655734467884	0.74699019959430746
101	1.9547549557845865	0.38229134700732392
102	0.95293398887952485	0.4690319087701792
103	1.9078410013285572	0.029873868153930325
104	-0.38946839623330243	0.9729166990875131
105	-0.28938901584377319	0.89418512776526959
106	0.043511840508690162	0.26539347674194452
107	0.1315656865292974	-0.0078866137896611219
108	-0.51263029895774281	0.71680785922933576
109	-0.23444843669876114	0.94042420141142091
110	1.0583280716842909	0.091112156136400529
111	-0.04554865922042365	0.47471713411003874
112	1.0267297492746668	-0.51471300011535759
113	1.1454766798427352	-0.60482532033251435
114	0.52259477688288269	0.76440122202223237
115	0.41345091582526877	-0.34060205149021466
116	0.33045717652622708	0.95687135786733279
117	0.33402054365895478	1.0609242818882045
118	-0.93928945013173692	0.26079589710865703
119	0.078262546576776976	0.33709498769398527
120	-0.018599375884499961	0.2065866451609876
121	1.9111093273139115	0.11858559333965027
122	0.059951529238429543	0.030256335390654671
123	1.2068290353980728	-0.37708071856924025
124	-0.89720530173105406	0.3289703286168642
125	0.72236015633894135	-0.52689045427036396
126	0.79679316251479604	-0.55075486254868977
127	1.7720672777393667	-0.22341730354144268
128	0.50086602669349767	-0.2314688317351099
129	0.59225480745199555	-0.45050031894044695
130	0.56987083131862093	0.8041652400848206
131	0.83770658886893179	0.53280024006799387
132	1.9959712739893409	0.16294341805878362
133	0.34929992518704145	0.97220430360876753
134	0.084781091885513415	0.1287696043429053
135	1.5315965875100848	-0.39097355525836314
136	1.3576872384178604	-0.4169233465727698
137	-0.16436558674200272	1.0264158919994106
138	0.16149654336557584	0.96349739331319284
139	0.66091176852125799	0.81924149792987222
140	0.32849928756489666	-0.19679074462150642
141	1.8072476948029601	0.054314558438154852
142	-0.002641248104466011	0.95626730515954228
143	0.51390147923079443	-0.35533156626404899
144	0.97635259625729143	0.32422041025710863
145	1.4900108341512615	-0.28861139048786932
146	-0.03916948733495465	1.0211567469593947
147	-0.85735053652105653	0.58085208773338881
148	0.33269743964647774	0.97070909641604186
149	-1.0673930267691361	0.22696662836833295
150	0.20431737328564142	1.0360892008384837
151	-0.084007985949702241	1.0044968130900003
152	-0.0094754352638072234	0.41373374728968265
153	0.050619415639826748	0.21264835672215668
154	0.82143746771647153	0.72769794810096333
155	1.786709805717438	-0.051784847008011684
156	1.9659659761270165	0.14299571939853106
157	0.88012841951228415	0.56996843867897928
158	-0.51239739629298686	0.70659176460778617
159	0.58070852046220456	-0.32764780968749441
160	1.3948857684962954	-0.34949009167049094
161	-0.26886018536660405	0.92391861088875049
162	-0.42105748897960543	0.85568572197053627
163	0.1788775318383406	0.0051363293401254367
164	1.9371191355819806	0.21004279995814537
165	1.0156694853524122	-0.46141634366564449
166	1.7714330008446388	-0.054100481786189314
167	1.3337479467703006	-0.42026060411985949
168	1.7140794873720262	-0.22779866191850848
169	1.9102733247748624	0.10902045383601715
170	1.9659618247296109	0.3135911724880372
171	0.91824467826570122	0.32505498385479825
172	0.67143768272521132	-0.5309588478803754
173	0.18192313241977956	0.0017382163170530582
174	0.49590497649709075	0.8281585267895939
175	0.17121354505215158	1.0129700717648862
176	-0.28108427277929049	0.98139478277628023
177	0.62888556650733041	-0.392459460605946
178	-0.82225971817865917	0.57133070988272727
179	1.9846821944815098	0.49840996813595839
180	1.1283776790482223	-0.44141022375054739
181	1.4117161558780886	-0.38088538341121836
182	0.030629711041388979	0.46343123934035169
183	0.0046500950008328615	0.21223588989515402
184	0.92478765750713499	-0.033617973177651278
185	1.9003145146588172	0.12835815518256638
186	-0.11308486476530513	1.0526733290917576
187	0.8861787711854896	-0.47186396057692104
188	0.3912119022038556	-0.35030454430107227
189	-0.94952438748022161	0.46002409746459494
190	0.10289030844790656	0.4520692167685616
191	1.8381221302803752	0.044335321774931109
192	1.0475271933992283	0.24783214070620416
193	1.9774520341453192	0.2280258237250011
194	1.0017684013318393	0.24348606042907395
195	0.2934486597647078	-0.19382082587021457
196	1.896593116925579	0.088558350842024014
197	-1.0696854630276751	0.074638320511854761
198	-0.35683320291804488	0.84701959039720298
199	-0.78413680605307956	0.55230318739833917
200	-0.76781982072914823	0.78669208620244113
201	0.91455568528027853	0.47227261023801748
202	0.31197107081358799	0.9974434931735876
203	0.058738490156682609	0.2535378983418588
204	0.92282256860942935	0.30496172542530292
205	1.7368193770420439	-0.21508498788101754
206	0.99537707700615941	0.19436765403622053
207	0.21647251320475019	1.0099301151895854
208	1.6032825940790421	-0.32309511153553527
209	0.42144984341943442	0.88282539369153512
210	-1.0001612498824592	0.12023645738072927
211	0.98098693665765968	0.13918096468983587
212	1.7548589065060385	-0.13721854550792933
213	0.60426729897850406	0.71112315855286723
214	1.4858964513087907	-0.35271820460715991
215	-0.49052137982447092	0.83427506234586146
216	0.2073586049081228	-0.0014669104860360492
217	0.39851696056601432	0.83550789721909513
218	0.87090154199801195	-0.47975208342574355
219	0.22007520546662157	0.99647663946664033
220	0.79965390853993634	-0.53435891332067709
221	-0.17511398990445301	0.95487640881343294
222	-0.81114034388000056	0.35999321259169198
223	0.86917531260960468	0.58662066358299936
224	-0.64239146280517045	0.77499383271257205
225	-0.53975019636999089	0.86753133772471169
226	0.60520305859515355	0.79879933286509852
227	0.13639861149669552	1.0089162977688111
228	0.30837198713303099	0.88701464512898798
229	0.88470141280426362	0.44181175468327655
230	-0.47315156250457757	0.8588832458199851
231	0.21493122458812294	1.0459616691254718
232	0.9453269614804265	-0.607470485067652
233	-0.59951318455234781	0.68926528927697917
234	0.33440944809679252	-0.24196964417179417
235	1.4479179046112671	-0.48513836107062741
236	0.29694128989960528	0.96199863310607481
237	1.3845802260375457	-0.31723171725891031
238	1.7676211573175471	-0.14927306712691127
239	1.8378237445443151	-0.031596659694019424
240	1.3525202272485346	-0.45208166054063448
241	1.9037034664412342	0.078281773727508858
242	-0.46048563904922235	0.96917879695879439
243	1.3906475575372379	-0.41199434484016795
244	0.51650840362835837	-0.44913572317305284
245	-0.92458223671162898	-0.056848491874704671
246	0.78203955402982117	-0.54121865557995108
247	0.81028706199804001	0.53842764178342739
248	0.19959325265652686	-0.14930824400007667
249	0.97001648365348447	0.40785146298914665
250	-1.1193080260261186	-0.098859757384195335
251	1.0971309824261042	-0.0058445894159147322
252	0.041466296097927971	0.16398712473007115
253	-0.94350070549021492	0.087213409937992648
254	0.56217534513008538	0.86377533562520303
255	0.044552010191857422	0.35040355627019587
256	-1.0156510954018443	0.14456512726913101
257	1.6179452601543731	-0.29504599065840392
258	-0.31676190929771453	0.89605126038765126
259	1.6764025319282791	-0.27123744730161575
260	1.7941503750746586	0.0064673736644986143
261	0.079467760003749749	0.16819420371421928
262	0.029887082121458096	0.25451697844740429
263	1.9504603453592411	0.48335220254701716
264	0.04021006022005158	0.19225039605951766
265	-0.054725532344359756	1.0876406589108989
266	0.76061346034857791	0.45749001273315204
267	0.7832936375720444	0.61245493216148461
268	-1.0079309361449531	0.10836133953975036
269	0.31638800819615198	-0.20546476688078086
270	0.30627463069376554	-0.19242379323053635
271	1.2036758537380861	-0.5084827701710567
272	-1.0024654285058825	0.19524569135355269
273	0.84269902486607928	0.49064052594538243
274	0.29816034166374561	0.90010091658647784
275	-0.056676354226033315	0.3159312455325865
276	1.1722613269412747	-0.41969458073747334
277	-0.020322696946428617	0.18486354226650975
278	0.0041710276200938434	1.033302848436318
279	-0.80016555972754044	0.60523149593261794
280	0.58611175110087854	-0.4456242153332719
281	0.058728828859000014	0.049767894408349264
282	1.8313262078324863	-0.11577035736352802
283	1.4937640797671088	-0.32100652329773677
284	0.32785377487678746	-0.24068348342304829
285	0.93134590862611422	-0.61724348416750741
286	1.7994507616493494	-0.070148522449025003
287	1.9927583471343862	0.46075360041791574
288	2.0291007669188357	0.45256243662714307
289	0.71268723652023103	0.58129961163173904
290	-0.99648578472385019	0.12326425568791302
291	0.22305182837341642	-0.22776170650848346
292	-0.66856194874755992	0.75207394725444809
293	-1.0042670928605231	0.17429265673117431
294	0.12557864872187496	0.12950101017930138
295	0.036332635937003518	0.17965366831138091
296	1.0817552387124534	0.34952495606992973
297	0.1400903825937263	0.96882019691577248
298	0.82601759245151052	0.62562226787876141
299	0.82943151284352301	-0.41832852265640513
300	0.85741518068907918	0.3901293851118941
301	1.04071277868622	-0.011725164816011387
302	0.81001161785513753	0.3588630471480399
303	-0.58830198238716191	0.825951852426416
304	0.71674896442351876	0.68314318172611255
305	0.84505315064774844	0.46397976483728059
306	0.27557111021266922	0.91511178616339406
307	0.36040691988971896	-0.13508544599074571
308	0.6427590044925785	-0.47816719965239135
309	1.9731833420231153	0.32822133333366343
310	-0.019265314645980528	0.53021627938758242
311	1.4633895343457854	-0.41524459171068612
312	0.74911682846828886	0.72131352039039787
313	0.1763124905266103	-0.18581424833949625
314	0.30625837982682313	1.0010184315874917
315	0.47429718046312441	-0.3569719643252981
316	1.2116569746709676	-0.42706554693065424
317	-0.3728597341482941	0.83843364897258454
318	2.013086034038531	0.28149546635060319
319	0.12341641451637263	-0.082420725255127086
320	-0.91316000240016604	0.50424138735455959
321	-0.17475650883505134	0.99698912718978872
322	-0.53430551800598225	0.79016127933325986
323	0.11195392026548057	0.0024057969503024565
324	1.0252308163956232	0.37661355544366626
325	1.9832290900047784	0.096740333409254989
326	0.88460411490463975	0.42709962346406999
327	1.7601820542592126	-0.27675468591286995
328	0.53957713763675585	0.79961089885624526
329	0.11235086912738651	0.069374690775127174
330	1.7517061615092151	-0.14848003284145259
331	1.4080721284347415	-0.46359963233289914
332	0.86775487291364595	0.49564257058169942
333	2.0103666927570867	0.46830515405524803
334	0.7329757167672406	0.62966941198922011
335	0.016947962851489595	0.37268536897347265
336	1.8756644090582817	-0.038671675899861903
337	-0.89941726377680054	0.4577532770996498
338	0.20864800744493811	0.98520917697539534
339	-0.44735901123399174	0.93669822366348732
340	0.24410774512790423	-0.2350529509743835
341	0.78761490498610931	0.6585257202101753
342	-0.1668390767803474	1.0661100438858595
343	0.94475398862896165	0.12115342128120768
344	1.1354029378330701	-0.51517622265841179
345	-0.92191999929047708	0.46277643523579881
346	0.59778622350050381	0.75141832127351815
347	0.8336776112588633	-0.51975839371796773
348	0.06847808585204207	1.0308998296245391
349	0.14083246076491901	1.0336019982626647
350	-0.6681815353201207	0.83043215555544181
351	0.29245310690754772	1.0516150241762441
352	-0.028197345580844142	0.5186346715544099
353	0.57328928867888373	0.87395029558627635
354	1.4223042012438629	-0.33028011501059074
355	-1.0609138720619216	-0.078513619871722715
356	-0.9706808612435025	0.37025456500171411
357	1.0223267972641241	-0.00022235728594176274
358	-0.84565211596745571	0.52617400688864402
359	-0.095590622670535419	0.96898039868446018
360	-0.74338797660726408	0.5717683490484986
361	1.9476539202003327	0.29250373859455625
362	1.0827765272448326	0.13617165685498775
363	0.83237838815270704	0.47745783096828881
364	0.60545120241712613	-0.47818738510132563
365	0.82856380664951701	-0.54482211502305433
366	0.45280870185339744	-0.34094678071266321
367	-1.0460294973043402	0.056369933277585882
368	-0.35715528337008967	0.88207941204604845
369	-0.38620320603396652	0.88957806960599706
370	0.67181387728856723	-0.44378036162270862
371	0.029164909301850561	-0.045009145058106922
372	1.8085902167486896	-0.063541605513976987
373	1.9538702680422524	0.46776272586685036
374	0.55656729373666125	-0.25844046664831111
375	0.76690563656826582	-0.45410806716248875
376	-0.92945766761547821	0.36192644100653026
377	-0.70232565916876566	0.61001940806472943
378	0.99091932524174942	0.13472194947586316
379	-0.038282231771400478	0.39371752602280208
380	0.99817535924556644	0.22160642816389553
381	0.49889426691130012	0.86153768513695217
382	0.46151976034231912	-0.40618989104180164
383	1.7109816244401712	-0.1621654819432895
384	0.059031459079624718	0.4601476814257886
385	1.9952105755105447	0.39828660036557184
386	0.34139819151666106	-0.25786037775176635
387	0.62697488057411965	-0.34959006323062575
388	1.0087746350743982	-0.47958192077113088
389	-0.038341299467459802	0.98283469047769456
390	0.6340256835552045	0.69848078371710531
391	-0.66897496635908671	0.67334145389015942
392	-0.26624136892990324	0.95938224960278462
393	0.75671043464298093	0.75497698303679339
394	-0.93593830589142091	0.28833385827967872
395	1.0227335482745075	0.21268121862374859
396	0.42658375142782384	-0.22166692753156511
397	1.7641159673615749	-0.18367037977535541
398	0.91654097365351894	0.22100039164450019
399	-0.066973762528605874	0.3421310372678576
400	1.2991283308876684	-0.4298841866115054
401	1.0309086258485187	-0.47946021139819583
402	-0.9689340174402542	0.37374758644417594
403	1.0242805667402461	-0.49060587855729371
404	0.76829448994536753	0.57174333965287882
405	0.6329097940235614	0.78310137869875585
406	1.5400958865484733	-0.30304255647079864
407	-0.34538104148497739	0.9436195655733981
408	-1.0223735867139772	0.11213382698745097
409	-0.78038483244447654	0.51582963485588518
410	0.75110668502448952	0.68640868337541094
411	0.66957102245218514	-0.42087901931395544
412	0.95224651235878555	0.094948803712401914
413	1.4845301976622121	-0.46070586138913799
414	-0.14637374561773761	0.98245231027771152
415	0.63295321469982757	-0.37677462567746622
416	-0.98083287350079329	0.1140028857067362
417	1.9686618464021288	0.45216288225454954
418	1.4666755582643645	-0.30003912738475352
419	0.77314683832457631	-0.37455243734026922
420	-0.6730758888633005	0.76249775470574543
421	-0.8553718853732073	0.41924073852811455
422	1.840598897412647	-0.076237059221260228
423	0.01914555129774578	0.56187859144362839
424	-0.85472098942350982	0.42559794122420991
425	1.0152625482573912	-0.50405833871460037
426	0.59580772478213495	-0.37500715455878036
427	-0.19012761342540918	0.93356336212955282
428	0.19924825941751551	-0.067538123899508321
429	1.0254851914354253	-0.46282335882613784
430	0.036556031250830991	1.1045395513581868
431	1.7351848867689315	-0.15407383289583598
432	-0.10561717818174114	1.0217178856167357
433	-0.89470511641034278	0.27491560826358519
434	1.9047327734115196	-0.067024098764024764
435	-0.31118551194190275	1.0171624367007897
436	-1.0775018724333345	-0.0083734265529592303
437	1.9541602962542759	0.080936225473043466
438	0.026730131228885304	0.15640466543667261
439	0.2157204965920537	-0.24584469859035354
440	0.97098759615424324	0.075053246879959623
441	1.2703240053198765	-0.4733668513366629
442	0.6609064495920437	0.6635818795265549
443	0.96117098748351448	-0.54345651918388471
444	0.72371143373864821	-0.5049651368632373
445	0.12172748332110614	1.0046336583014674
446	-0.70503463995626969	0.79633104248949382
447	0.99209843741817594	0.30020587777674052
448	0.24942924025636279	0.97555349972122452
449	1.4825966071540271	-0.36542227335052146
450	0.30126462102302753	-0.27870696134518652
451	-0.90479298561090871	0.36593447160517434
452	0.032723866762851994	0.19454133356997994
453	0.26876610823788039	-0.22812966700065121
454	1.0564327282633696	-0.49774051248692147
455	0.4897459831715989	0.96741528625628637
456	0.82689382185016536	0.40549798428083517
457	1.0217576730549349	-0.5205542332115467
458	0.66215915386929713	-0.41084212364667894
459	0.9621991147551312	0.34697290991498586
460	-0.0150509116555173	1.021413097815816
461	1.2686553798438869	-0.46140070862972127
462	0.11885728431084458	0.047602189393168459
463	0.16022753899493741	-0.076243148370374159
464	0.85744129027673743	0.51997477316475216
465	0.4132911390943384	-0.35694647412790259
466	-0.024070873360660355	0.43329442773505278
467	-0.45993801103172083	0.85738289051872552
468	0.57472928625347741	0.72530297985088876
469	1.0621531792218679	0.37102311839132873
470	0.15876722624609843	-0.12065217379232551
471	0.39604544026792687	0.95535424548238856
472	1.4592526885075439	-0.31203667331396612
473	0.27569679801262398	-0.12273942717959813
474	1.7449414392269291	-0.13228202362317562
475	0.61396467946501665	0.84369538469190974
476	1.9661077830053908	0.4409931660455656
477	0.20276233253485046	0.93725225313788285
478	-0.052911951723597146	0.9868406407190502
479	0.67656981789342963	0.69785990220186267
480	-0.24345857811750193	0.94724778609984384
481	1.8689068982471644	-0.098470739254480147
482	-0.0087766993516600923	0.5267067363178064
483	2.0786519341953884	0.46468383355684456
484	-0.97592344219185501	0.12761165624920973
485	0.12032389678195862	0.16531700700868407
486	-0.83842307253501436	0.74149062345278327
487	1.1860262811510343	-0.56558765842977587
488	0.80800540757303263	-0.51608662464247546
489	1.0060688356786867	0.29416985863430423
490	-0.48751207436667338	0.91383452612357818
491	0.96914620115270644	-0.001396319678506828
492	-0.30112273578098203	0.95325637347547887
493	0.70050727668126378	0.6508879108223804
494	-0.36134563307355611	0.9039297255066866
495	0.054869847593556495	1.1230015801193427
496	0.15183582398880732	1.0295956988447452
497	0.91339511415557695	0.096997075713732617
498	0.056723460936974363	0.35999640677074013
499	-0.16850706484239805	1.0033503556209227
500	0.1649572749095643	-0.010945605580497855
501	-0.79507021448568382	0.60133421485875549
502	-0.50800491438206952	0.93636550071010705
503	1.0518496457279074	-0.52884563505904159
504	0.12065677923275706	1.0177239097338948
505	0.84076678161277663	-0.43781338043522267
506	0.87721862969541964	0.59798716433921795
507	-0.22856107687592467	0.94540631021610033
508	0.13090441603139846	1.0308529056859899
509	0.72462376815311813	-0.45472180341576002
510	0.858843736209838	0.46166024570804565
511	-0.2709693176507606	1.0191136037215456
512	1.9538168017826734	0.22140267624389842
513	-1.1075554630372708	-0.05407943556041974
514	-0.94759484451981602	0.38553206324207606
515	0.23651617874896114	-0.11811332125522951
516	0.083606883850081262	1.0025806373192614
517	-0.38983097478848366	1.0278193322919658
518	1.0409572998739867	-0.47336792850384035
519	1.1770652882250217	-0.45760946559082605
520	0.010173567201439415	0.15650086665663637
521	-0.90495834931274999	0.26919341988587497
522	0.48438194366089871	-0.33088356299766947
523	-0.72761004674052265	0.67790030046946947
524	-0.87587633747210714	0.39685796103689019
525	-0.54860148447760027	0.86758085883949809
526	1.954951917510503	0.36969269874880956
527	0.22477478933678813	0.96048889198037701
528	-0.58237224775423724	0.8056158401897251
529	1.9733793569668778	0.31280669033975195
530	0.78158441651090704	0.78439187815056011
531	-0.65741848790228474	0.76389793163950903
532	-0.89470995772260453	0.32306565281001265
533	1.8449019660272037	0.06392355549897398
534	1.0378505949414945	0.26927895524306122
535	1.9999808584341365	0.41492304887377013
536	0.88808993668154179	0.56640590766954801
537	0.80523299442480167	-0.35434024960569099
538	-0.97433859588896943	0.35800438944846835
539	1.4512436892072396	-0.29599370376842671
540	0.61096572797854842	-0.3309778535021583
541	-0.7101994907239636	0.62297608328707399
542	-0.85584619647701776	0.30594393867301162
543	1.7402957056334603	-0.15309367130109391
544	0.011623384697750996	0.3969631736224748
545	0.029937796750337406	0.28852858167327056
546	0.94017808479535181	0.11749098600436003
547	-1.010574217911586	0.10385331216198879
548	-0.9530619803704643	0.17524197678275219
549	0.41373863958973228	0.94897029155166046
550	-0.56518781389391071	0.88218095193202495
551	0.028721954261820941	1.030681569492619
552	1.0139832426864563	0.3344891548471966
553	-0.093135709117359355	0.95125008905457409
554	1.7967273304360911	-0.14983722015893985
555	1.8024159471756518	0.044905826765043177
556	-1.0037592258149142	0.1593892808111981
557	1.5814246248109161	-0.37498872772277375
558	-0.52492656514229674	0.82917772700499304
559	0.62602373474572837	-0.43492101504521313
560	0.55324600293722048	0.74473394551846239
561	0.43446574282943434	0.84890293109245007
562	-0.63830374653621891	0.82658825992472762
563	0.94018241505963407	-0.050145677797208847
564	0.64800236894983942	0.79044428805698719
565	0.40099961811957774	0.87535861837317686
566	0.26665365768412058	-0.19477492627104742
567	-0.7675678757982789	0.57194086090726526
568	-0.63700156646401929	0.78023223855356993
569	-0.89619958980569858	0.32213340253007688
570	-0.13929389211896176	0.9883600645656212
571	1.867265378692363	-0.08918512853915557
572	0.29735403045674519	0.96737618621853705
573	-0.94855526610993468	0.5524229308321007
574	0.88512520410895557	0.63001567166043793
575	1.6381411219840478	-0.25328241621877157
576	0.59190253262059689	-0.42864770141078423
577	1.2984226244706241	-0.49141060066890563
578	1.0314580327588814	0.17355309543491781
579	0.95054662159066283	0.44071187056764644
580	0.78514839370192835	0.66893165051462711
581	-0.7418209367704256	0.82929256631084802
582	1.9510135106635922	0.24460113247627732
583	0.70486323383210669	-0.33688059827885836
584	0.24745227035914366	-0.17213608302377334
585	-0.19962832853994156	1.0696075533927436
586	0.6953412831763347	-0.45976567021308545
587	-0.97505069005411538	0.26191870289746766
588	0.46656769913621776	-0.30771897441731594
589	0.076745380591199064	0.053939141674898883
590	-0.21186807437161506	0.90310193042052611
591	1.8169629070042532	-0.039945189319141081
592	0.93892800556970191	0.23621061671507632
593	0.080669734782475272	0.0727598437586605
594	-0.86314131819942153	0.38216666895706464
595	1.940436383161386	0.036117922077499282
596	1.9231852318863492	0.17250588396122324
597	-1.0021699773271984	0.293182151599088
598	-0.89493265855884319	0.55603116975553324
599	1.9724434274682419	0.36968241591098039
600	1.9966429104145416	0.48946533901602834
601	0.91531805771845431	0.43868344134621917
602	-0.91917331712010542	0.34775542041100421
603	0.072681624660873287	0.9948429011679718
604	0.26813211646032969	-0.32303481872265333
605	0.50892696737573451	-0.38251147995308393
606	0.49517792498524354	-0.41846644392896548
607	2.0310163789300515	0.3629318509321548
608	0.71462687616765808	0.71503136341513829
609	1.940473443881535	0.084001866623411137
610	0.18413150875434589	0.99380628331196497
611	-0.1916804022438216	1.0172562583688076
612	-0.7286020501284135	0.73881839578611863
613	0.013610531421199334	1.0671913546008405
614	-0.63278873927597545	0.76594834482150431
615	0.81376788564437741	0.46264778600216583
616	0.8417474463793635	0.60624874501328607
617	-0.90159677722840281	0.46494875110418171
618	0.14419606606908256	0.98573879956799049
619	0.31713127853793849	0.87373485330509548
620	0.32792698321903752	-0.2513673521790763
621	-0.62916236751419086	0.80126832045258756
622	-0.51179041067741049	0.92111853401271548
623	1.6729174133096758	-0.33483210076788061
624	-1.0343464978404888	-0.013932069448231731
625	0.76556868686276924	-0.48550514519006049
626	2.0027790395698051	0.53494480284864465
627	0.086658300028609719	0.23851319053333636
628	-0.69668876045979611	0.67664524495773959
629	1.7906692665433124	-0.11860909055935673
630	0.17016335263212479	-0.093812668680851224
631	0.062120495099298186	0.96521191657874073
632	0.15750738728520833	-0.1266517848598476
633	0.076433629167900821	0.13924017154285437
634	1.8856043115139998	-0.056234791589844235
635	0.40202021913346653	0.92731692231636353
636	-0.99514636879992857	0.25967911319201342
637	0.51788087030932572	0.8097957232880868
638	-0.00099465161327188341	0.45710128301187847
639	1.9244058108105422	0.11221199315156336
640	1.2231623650657453	-0.46311241446773843
641	0.7156225804857923	0.60602917169236492
642	1.8930927465790921	0.30550181841258156
643	-0.1656643169778145	0.97732251759436894
644	-1.0114925448181316	0.08814201995642959
645	0.7475180528247003	-0.4390801222368495
646	0.52883058303452024	-0.37892481343051282
647	-0.44406091031174161	0.93075794160229508
648	0.19528595962685263	-0.080327129513828241
649	0.18355470096468618	0.066181705992490028
650	1.0403078017422238	0.094421508931475481
651	2.0331887043866823	0.22866828371570794
652	0.90187766893003063	-0.45189448000027554
653	0.045549736298192235	0.52961866574543792
654	-0.80285421961613079	0.72952888044639297
655	0.26467762377425441	-0.28411960398804098
656	0.89471269482905569	-0.48806554259511714
657	-0.058994896658078999	0.91981424183653193
658	1.9537601222379537	0.31563133391637072
659	0.90707328066670168	0.29708296138128731
660	1.670317671131226	-0.26488229581136519
661	-0.67941315321553819	0.64849397388410179
662	0.40360047426038559	-0.35888289349148711
663	1.0657813187523608	-0.60734183675038567
664	0.37244371861286218	-0.23591111435996731
665	-0.4648714256869127	0.88397394350052094
666	1.8644833300397849	0.090269671836162232
667	0.72185228535129109	0.59625792407099099
668	0.49447177518337515	0.8862974374042677
669	-0.11415691962126437	1.0252565867502859
670	0.76319084625393985	0.68184528016649415
671	1.264874695888649	-0.49582746354874763
672	1.7277261701368847	-0.16082431178493692
673	-0.88730572988461709	0.50355518830045243
674	-0.13921470432319208	1.0091551892781545
675	0.38146885917052098	-0.24602922011208272
676	0.49179896073685819	0.86598708374436606
677	-0.14326627481508253	0.97723105055213777
678	1.5686377298502987	-0.30086243910330029
679	0.90268232688998262	0.39012379557855453
680	-0.01030914131068536	0.43499538893086243
681	-0.0030688681083777449	0.43118063221032737
682	1.8099126445027487	-0.05864257265660712
683	-0.8995614079963884	0.52153166163929765
684	-0.26678297486713243	0.89843521073476162
685	0.02048555340104205	0.067808559950107414
686	-0.98490917627233365	0.22704002901391246
687	2.0733536414091263	0.17922009306266312
688	0.66324281560349829	0.77738074372866772
689	-1.0677228358554469	0.027720114902375269
690	1.1184601872316684	-0.46970140710009145
691	0.88054936752426338	-0.47700872606612948
692	0.9738660097972367	0.15557606352353606
693	1.0167803840366987	0.2622357623110082
694	-0.79623729643292884	0.72681370854208027
695	0.37247305649078605	-0.25627625565773998
696	0.72611263685191496	0.703776009409249
697	-0.74762309719642306	0.67182495745142823
698	1.0331804542572351	0.20946946354568169
699	-0.62864346720146647	0.75944225464161541
700	1.0778303567183987	-0.067205308828546167
701	-0.2528021052855044	1.0491437932265633
702	1.0011264051585878	0.1381641354975422
703	-0.07910454269403909	1.0480972495503027
704	1.0402935222730023	0.097433447316389227
705	0.9065238155699139	-0.53575316604832601
706	-0.70694568217329767	0.67492950083775649
707	-0.27098563658653574	0.87942726655558801
708	1.4640131070724303	-0.31568227562740769
709	0.86266114836753371	-0.49741547268292557
710	0.10557422947578095	0.18289008133359885
711	0.99395559078073581	0.22326481172491724
712	1.1150522130231602	-0.44899940747796452
713	1.5312284288956712	-0.32112173392174409
714	1.3051585097264438	-0.52716078400640243
715	-0.95763970095988005	0.10100033239342043
716	0.45944078347332606	-0.2843832377503181
717	1.2215461787561857	-0.4349559504333812
718	0.09505930335215293	0.13647435337415786
719	0.7277744599842777	0.54393527501846983
720	0.6154925675085795	-0.48276696909609185
721	0.03807446936810753	0.28752308532692678
722	0.68991703134763815	0.72872851579627962
723	0.83892630654040479	0.44886417925345851
724	-0.21211109092947106	1.0107084214106774
725	0.85392872719877855	0.53551968927889648
726	0.21692684782924226	0.99710844182303804
727	-0.62493990940932931	0.72907181814866262
728	0.16383669516459551	0.02665972708314002
729	-0.96148145912895289	0.20680791405463766
730	1.2167889780015453	-0.40575395608075093
731	1.0464235925368945	-0.51961073104317745
732	0.93174533157453543	-0.48781083381011248
733	0.56924764550079376	0.85235238206935504
734	-0.34134684103992652	0.96018444157504901
735	2.0767947751751978	0.11870159885714102
736	0.32841413156046456	-0.28238302727628373
737	1.9441619322553951	0.31014361387527611
738	0.95790832024660388	0.38756289361166285
739	0.0046597532212307238	1.0201917641764717
740	0.59191004327623509	0.79059773816599588
741	-0.64518053334972836	0.85179133210123015
742	-0.017002900913849775	0.38328403633708208
743	0.57106087904411151	0.89062009469654646
744	0.80497918704407379	-0.33157229987085801
745	-0.021451200112823171	0.44497463694949274
746	0.70944094193534657	-0.48149978371274454
747	1.4657964432762427	-0.383555491984647
748	0.07594459875081358	0.98293062889682781
749	0.69153090070979684	0.61545358984638865
750	1.8071992120590215	-0.066444149723553558
751	-0.56215880990289335	0.80164601814903369
752	1.3260925155942727	-0.43046034130525573
753	0.89414035518916291	0.41179081354771374
754	0.77460675611107976	0.5894626798469953
755	0.64806389819408605	0.67866676427056727
756	0.068802587089807993	0.13221339992434392
757	-1.042019858016394	0.26716379999457845
758	1.0628356422569918	-0.46725964778890899
759	1.2752322129638196	-0.55597415326730482
760	1.1216049820591207	-0.46531720585746472
761	-0.73670164266525373	0.62808738924515772
762	0.27990551710657374	-0.24907513260272157
763	1.462913252007221	-0.41235171442271795
764	1.7477228578511421	-0.15128061019901448
765	1.6667234089636092	-0.32285767990732966
766	0.42405570983580154	-0.34511581715165862
767	0.56334792846256343	0.92605543763492038
768	-0.96052269751259733	0.2887895522004113
769	0.7430857930108139	-0.49393782565068151
770	0.61503008103228873	-0.45495463489567567
771	0.22069588189469236	-0.012350106659145254
772	0.14592615391341085	0.95728823838061361
773	-0.71817225285187625	0.83620376990396761
774	0.69849618488833387	0.74697358654400503
775	0.118173344418155	0.37748126579837754
776	-0.95720344954243441	0.33580820987300941
777	-0.007581995695197942	1.0045845904195501
778	0.50015021024501394	0.76186581671961495
779	0.24639098787227576	-0.25247531511209459
780	-1.1148303957903347	0.046142911982184939
781	-0.21293095568258108	1.014201517482878
782	1.1409095031532483	-0.52351904405371807
783	0.48261556588225041	-0.35551885317099402
784	0.28542532540788002	-0.078017112749517559
785	0.93914603021284271	-0.36659531671373313
786	-0.36450980098948826	0.84779059983631888
787	-0.3043412760353969	0.86692506763996424
788	-0.43208597762483564	0.88020506098713525
789	1.1908543936360454	-0.58238345031273331
790	-0.35293915041764368	0.86949939334537829
791	-0.98700071286462288	0.24756655996774746
792	0.9056772295205554	0.48451043392131932
793	0.78293175834957263	-0.46433004695675817
794	1.6465627201174147	-0.24319663440965897
795	0.85821760982229156	-0.47270510858676834
796	1.8897995702578225	0.12805660003952454
797	1.8861733424986453	0.22238678023801808
798	1.9041168923820386	-0.13344892255377042
799	-0.96344765661628817	0.28755348971301137
800	1.0440214809062123	-0.49906072867888013
801	1.3975737846815155	-0.45097453747189842
802	-0.84084126707961615	0.62647751034385679
803	-0.69053882733176819	0.7917151484032372
804	0.59086389984792298	0.76730825357889132
805	-0.40200198894403222	0.87099739388882569
806	0.15608702696381632	0.0089952427977644939
807	0.30182843549275817	0.80843697175571461
808	-0.91621453345052395	0.13574151273127635
809	0.68580970825391452	0.78223748026576445
810	-0.74410494273894456	0.56085443125491774
811	0.44448984242591577	-0.38333932054453568
812	0.26059914080970903	0.99021216001280044
813	0.52551291904433473	-0.37331736285079492
814	0.93357860311263141	-0.5152556056359453
815	0.21881399391228487	0.97183058327255534
816	1.155381818904228	-0.39749724692163335
817	0.75792676955131666	0.6696935021121776
818	1.1433371986765355	-0.46572789875890475
819	0.36716595863981533	0.97370842153002757
820	0.93146443355045172	0.31683531326438086
821	0.51093332099585886	-0.35370465104561688
822	-0.88862694888063665	0.43343246494891718
823	-0.76417354736969734	0.74289190698573682
824	-1.0077813492174219	0.20660431185290562
825	1.6662647430633932	-0.13022756108022154
826	0.86003779815191816	0.31119492134663274
827	0.80099960432917983	0.39883126094701332
828	0.99221885388051512	-0.47061948392319974
829	0.010509854091218778	0.37673274525468126
830	1.6231052563321873	-0.3573605378705621
831	-0.68398910020782022	0.68107647899922275
832	1.3673930767095874	-0.47545743179782179
833	0.018490189843948637	0.13469522745758608
834	1.3452443632869964	-0.40124619815782586
835	0.95447574104438504	0.30351792141945089
836	-1.0301018612292494	0.019260103625591773
837	1.0318367340576435	-0.46509294918182748
838	0.68119865848232153	0.69365520672438341
839	-0.57525232637685164	0.93014043575645966
840	0.16829676976753447	-0.069230702582179227
841	-0.77163373402573043	0.62780889059911682
842	0.27973573135662988	-0.37235376962998573
843	-0.90081749832576619	0.65069398859834404
844	-0.6423909698894712	0.7535825584257404
845	-0.88138272622186575	0.1240518785660271
846	1.443112189657991	-0.32255376460187757
847	0.32498723342909369	0.93628665245734322
848	-0.8066975669337505	0.59046440928374444
849	0.75645181743413492	0.67555233590645358
850	1.0067852766573175	-0.5576687162361067
851	0.52464480581349804	0.87251645940717748
852	1.1224944656140914	-0.40528429336040039
853	0.06415554541834774	0.080706429894636805
854	0.92570387778905583	0.22728475463491202
855	-0.25624520991037769	0.97173480301082493
856	-0.79726945101360447	0.5704142740503475
857	-0.88782536989132521	0.29955214931660978
858	0.57031390401260762	0.73740031094968006
859	0.34950472914841685	0.94945792619014846
860	-0.61300037766591287	0.79006996885733272
861	2.0055301337016345	0.38850254288038499
862	1.6542334613495393	-0.17316549320385083
863	-0.90797884230375858	0.20711255828690628
864	1.5884744903862689	-0.30476985653657135
865	2.0245789430908525	0.48018268191141456
866	1.1105250301651248	-0.53073581431572381
867	1.7466128428026786	-0.20999659666885342
868	-0.005957417709075985	0.25200615740207516
869	-0.40247804543374355	0.94312659441427027
870	-0.19403086803244016	0.89692802424465379
871	0.77547590401244393	0.72466689549780761
872	-0.84928177779120118	0.55257262956439779
873	-0.61893630994577653	0.9249112749913968
874	0.76685176532759125	0.78151950667441739
875	1.1412495865715924	-0.63941921152978143
876	-0.026677614465254761	0.31127092690285646
877	1.2981240417307303	-0.45118986415911971
878	0.46884763345292035	-0.34043554988525743
879	1.0007901462251718	0.095705910023400828
880	1.0566928298725473	-0.56225906307697449
881	1.3129672375992012	-0.44914852420000795
882	0.6281404133214461	0.84909934776263085
883	0.14648032910484832	0.065464041740644713
884	0.96307803781891343	0.010367287325172787
885	-0.28951359108868269	0.88858753855691519
886	0.84457479133601154	0.21412846429761373
887	1.326022703384615	-0.36873137714661808
888	0.58418721035099408	0.76572190019149211
889	0.1326966263910262	0.12827328483588202
890	-0.85401079428365456	0.49185262833728294
891	1.7543279261405031	-0.2364670671830367
892	0.056383057609106724	-0.012529390326297227
893	0.5721382217776354	-0.45464119379568724
894	0.6877574315137559	0.74248085137214292
895	1.5610987984967093	-0.41641358295899045
896	0.48967480754663123	0.79525344705618195
897	0.81137323636020342	-0.47475646776180686
898	0.84789818087543301	-0.40492616072240978
899	0.728230945169142	0.71074667600114361
900	0.16501280836616811	0.0024802579384987245
901	0.16724957038920868	1.0168197228755493
902	0.17007339251141818	0.001392871837416973
903	0.09677689976374157	-0.028382002841404689
904	0.83331594439034651	-0.48999684466101617
905	0.23477693131648383	0.98581951893754671
906	2.0219879357513131	0.4431921101772302
907	1.851372865210257	-0.063379829615567762
908	0.33109924820225167	0.91190920235985617
909	1.4425621503526445	-0.33933548387801354
910	-0.00084265408177886664	0.25605828892866955
911	-0.85411559123667602	0.43257031646904665
912	0.14571962159239696	-0.027939678956630604
913	0.0033491437385127429	0.98554682634939328
914	1.9899529293267098	0.19003339001440578
915	-0.91158312100541705	0.37157234411097934
916	1.0211439091629235	-0.46122785200096744
917	0.79615845030548149	0.62958326146268839
918	1.9958241007086424	0.25089525079931491
919	1.5681179227696316	-0.33709561220190354
920	1.592327235529915	-0.26986445279624172
921	1.8750530353875654	0.18273956415816758
922	0.046089413325194076	0.98188997522547505
923	0.80077350717629547	0.74973543338196669
924	0.88790043717989731	0.48059406276531963
925	0.18674362929173693	-0.013966004033957757
926	1.7696040686891878	-0.20067423957359071
927	-0.39042251292422603	1.0004271394912749
928	0.86383836019503069	0.42260257730399509
929	1.9562850864106811	0.40843072275123715
930	0.91892933324480275	-0.53519378382252403
931	0.13348689173921774	0.94891155808803362
932	0.21568323931108105	1.0158593004909198
933	0.20570659652092166	-0.24853186081130013
934	0.78360898663154877	-0.4991929071855904
935	2.0046188863788235	0.09632528093725061
936	-0.55868272649680517	0.81887771287092548
937	2.042121802988242	0.45258663092961066
938	-1.0584701773181784	0.20842103023747993
939	0.26583863286256065	-0.19322176119783119
940	0.77989519462648271	-0.40923539212348903
941	0.39732591977536974	0.94004887873537568
942	0.9690069265057446	0.34472799751359873
943	1.5742931444903994	-0.30533067480797527
944	0.016437755899206166	0.20872653204131122
945	0.046925297057711743	0.21898857808364383
946	1.3256455395148845	-0.49370440944829486
947	0.45497615817589676	0.87319481069894567
948	1.9078166278024353	0.037447126509650486
949	0.083512565562055455	1.0331629282995345
950	0.081282332041502078	0.99233813724057729
951	0.56826170017617705	-0.35252579738359591
952	0.99677264774122254	0.09638391938081578
953	-0.92194134512007753	0.50491987460467858
954	0.97885506271310574	0.093740660230981071
955	1.4497240570184586	-0.30302112403437043
956	1.634508300817765	-0.2900883199323907
957	1.6746376062990036	-0.19802256886819225
958	-0.99123947855265249	0.11081610739665515
959	0.58021970415932123	-0.50082378831769814
960	-0.9000673454497794	0.28361335031180268
961	0.097376156925455634	0.44685240903128037
962	0.48263803747879874	-0.29508744496723038
963	1.9347488874042067	0.24186835931254744
964	0.6976094378716573	-0.48846822052281036
965	0.30289230881537066	-0.22072647530426989
966	1.0754288651642476	-0.45787163689410459
967	1.5192849850760639	-0.42293825895127302
968	1.6155854308186959	-0.28541762605303955
969	1.2129323479145742	-0.42852572614669293
970	1.2463754707123538	-0.42002619759460375
971	0.2193753996556034	0.99124353375351848
972	1.4628309605073155	-0.38131542591133705
973	0.21004552432575341	-0.12131421719938199
974	1.7933897835993464	0.00034718596345363747
975	1.6886424399391993	-0.36446588225292748
976	-0.66590483805677092	0.82832052071477624
977	-0.41085581716450853	0.85096263628144897
978	1.0835455294417606	0.039213916588690126
979	-0.79321695490869937	0.57883168467336443
980	1.9653567116771318	0.46532733852219077
981	2.021674143783585	0.24360263653733094
982	-0.46586023074288885	0.9339843428028225
983	1.2174415320444658	-0.41441980606729761
984	0.45322830568904005	0.89482744705509909
985	-0.6743033101298358	0.74803196265033978
986	0.5415757797483095	-0.35525425335389227
987	-0.73615177126129894	0.64448962596066395
988	0.179555433846916	-0.079999989291575216
989	1.7180444757793887	-0.31079046728209059
990	0.94481770443481428	0.41861744146969432
991	1.9095846156700309	0.36629388556266523
992	-0.23425320704321456	0.98119892152715826
993	1.8891537175895321	0.055926947153471622
994	1.6830289303104446	-0.24740324448521453
995	-0.92224939519216576	0.44997655495975419
996	0.77278385007463146	-0.45367949893881304
997	1.42141268307811	-0.41851965264979807
998	0.33017226439815756	0.96661959530190378
999	0.88589118856635118	0.44915585958596882
